(kicad_pcb (version 20171130) (host pcbnew "(5.1.7)-1")

  (general
    (thickness 1.6)
    (drawings 22)
    (tracks 177)
    (zones 0)
    (modules 16)
    (nets 20)
  )

  (page A4)
  (layers
    (0 F.Cu signal)
    (31 B.Cu signal)
    (32 B.Adhes user)
    (33 F.Adhes user)
    (34 B.Paste user)
    (35 F.Paste user)
    (36 B.SilkS user)
    (37 F.SilkS user)
    (38 B.Mask user)
    (39 F.Mask user)
    (40 Dwgs.User user)
    (41 Cmts.User user)
    (42 Eco1.User user)
    (43 Eco2.User user)
    (44 Edge.Cuts user)
    (45 Margin user)
    (46 B.CrtYd user)
    (47 F.CrtYd user)
    (48 B.Fab user hide)
    (49 F.Fab user hide)
  )

  (setup
    (last_trace_width 0.25)
    (user_trace_width 1)
    (trace_clearance 0.2)
    (zone_clearance 0.508)
    (zone_45_only yes)
    (trace_min 0.2)
    (via_size 0.6)
    (via_drill 0.4)
    (via_min_size 0.4)
    (via_min_drill 0.3)
    (uvia_size 0.3)
    (uvia_drill 0.1)
    (uvias_allowed no)
    (uvia_min_size 0.2)
    (uvia_min_drill 0.1)
    (edge_width 0.15)
    (segment_width 0.2)
    (pcb_text_width 0.3)
    (pcb_text_size 1.5 1.5)
    (mod_edge_width 0.15)
    (mod_text_size 1 1)
    (mod_text_width 0.15)
    (pad_size 1.7 1.7)
    (pad_drill 1)
    (pad_to_mask_clearance 0.2)
    (aux_axis_origin 0 0)
    (visible_elements 7FFFFF7F)
    (pcbplotparams
      (layerselection 0x010f0_ffffffff)
      (usegerberextensions false)
      (usegerberattributes true)
      (usegerberadvancedattributes true)
      (creategerberjobfile true)
      (excludeedgelayer false)
      (linewidth 0.150000)
      (plotframeref false)
      (viasonmask false)
      (mode 1)
      (useauxorigin true)
      (hpglpennumber 1)
      (hpglpenspeed 20)
      (hpglpendiameter 15.000000)
      (psnegative false)
      (psa4output false)
      (plotreference true)
      (plotvalue true)
      (plotinvisibletext false)
      (padsonsilk true)
      (subtractmaskfromsilk false)
      (outputformat 1)
      (mirror false)
      (drillshape 0)
      (scaleselection 1)
      (outputdirectory "gerber/"))
  )

  (net 0 "")
  (net 1 VCC)
  (net 2 GND)
  (net 3 /A0)
  (net 4 /A1)
  (net 5 /A2)
  (net 6 /D3)
  (net 7 /A3)
  (net 8 /A4)
  (net 9 /A5)
  (net 10 /D6)
  (net 11 /Vin)
  (net 12 /D7)
  (net 13 /B1)
  (net 14 "Net-(A1-Pad2)")
  (net 15 "Net-(IC1-Pad5)")
  (net 16 "Net-(D1-Pad1)")
  (net 17 "Net-(D1-Pad3)")
  (net 18 "Net-(IC2-Pad6)")
  (net 19 /SENS)

  (net_class Default "This is the default net class."
    (clearance 0.2)
    (trace_width 0.25)
    (via_dia 0.6)
    (via_drill 0.4)
    (uvia_dia 0.3)
    (uvia_drill 0.1)
    (add_net /A0)
    (add_net /A1)
    (add_net /A2)
    (add_net /A3)
    (add_net /A4)
    (add_net /A5)
    (add_net /B1)
    (add_net /D3)
    (add_net /D6)
    (add_net /D7)
    (add_net /SENS)
    (add_net /Vin)
    (add_net GND)
    (add_net "Net-(A1-Pad2)")
    (add_net "Net-(D1-Pad1)")
    (add_net "Net-(D1-Pad3)")
    (add_net "Net-(IC1-Pad5)")
    (add_net "Net-(IC2-Pad6)")
    (add_net VCC)
  )

  (net_class Fett ""
    (clearance 0.2)
    (trace_width 1)
    (via_dia 0.6)
    (via_drill 0.4)
    (uvia_dia 0.3)
    (uvia_drill 0.1)
  )

  (module PIR:AM612 (layer F.Cu) (tedit 5F75F47B) (tstamp 5F7C6F8F)
    (at 205 104.9)
    (path /5F78688A)
    (fp_text reference A1 (at 0 5.8) (layer F.SilkS) hide
      (effects (font (size 1 1) (thickness 0.15)))
    )
    (fp_text value AM612 (at -6.8 -0.7) (layer F.SilkS)
      (effects (font (size 1 1) (thickness 0.15)))
    )
    (fp_circle (center 0 0) (end 4.6 0) (layer F.SilkS) (width 0.12))
    (fp_line (start -4.6 -0.3) (end -5.5 -0.3) (layer F.SilkS) (width 0.12))
    (fp_line (start -4.6 0.3) (end -5.5 0.3) (layer F.SilkS) (width 0.12))
    (fp_line (start -5.5 -0.3) (end -5.5 0.3) (layer F.SilkS) (width 0.12))
    (pad 1 thru_hole circle (at -2.6 -1.1) (size 1.4 1.4) (drill 0.762) (layers *.Cu *.Mask)
      (net 19 /SENS))
    (pad 2 thru_hole circle (at -2.6 1.1) (size 1.4 1.4) (drill 0.762) (layers *.Cu *.Mask)
      (net 14 "Net-(A1-Pad2)"))
    (pad 3 thru_hole circle (at -1.1 2.6) (size 1.4 1.4) (drill 0.762) (layers *.Cu *.Mask)
      (net 2 GND))
    (pad 4 thru_hole circle (at 2.6 1.1) (size 1.4 1.4) (drill 0.762) (layers *.Cu *.Mask)
      (net 1 VCC))
    (pad 5 thru_hole circle (at 2.6 -1.1) (size 1.4 1.4) (drill 0.762) (layers *.Cu *.Mask)
      (net 5 /A2))
    (pad 6 thru_hole circle (at 1.1 -2.6) (size 1.4 1.4) (drill 0.762) (layers *.Cu *.Mask)
      (net 2 GND))
  )

  (module Pin_Headers:Pin_Header_Straight_1x04_Pitch2.54mm (layer F.Cu) (tedit 592ED70E) (tstamp 5F7728ED)
    (at 214.0785 111.0615)
    (descr "Through hole straight pin header, 1x04, 2.54mm pitch, single row")
    (tags "Through hole pin header THT 1x04 2.54mm single row")
    (path /592ED622)
    (fp_text reference P6 (at 0 -2.33) (layer F.SilkS) hide
      (effects (font (size 1 1) (thickness 0.15)))
    )
    (fp_text value Contacts (at 0 9.95) (layer F.Fab) hide
      (effects (font (size 1 1) (thickness 0.15)))
    )
    (fp_line (start -1.27 -1.27) (end -1.27 8.89) (layer F.Fab) (width 0.1))
    (fp_line (start -1.27 8.89) (end 1.27 8.89) (layer F.Fab) (width 0.1))
    (fp_line (start 1.27 8.89) (end 1.27 -1.27) (layer F.Fab) (width 0.1))
    (fp_line (start 1.27 -1.27) (end -1.27 -1.27) (layer F.Fab) (width 0.1))
    (fp_line (start -1.8 -1.8) (end -1.8 9.4) (layer F.CrtYd) (width 0.05))
    (fp_line (start -1.8 9.4) (end 1.8 9.4) (layer F.CrtYd) (width 0.05))
    (fp_line (start 1.8 9.4) (end 1.8 -1.8) (layer F.CrtYd) (width 0.05))
    (fp_line (start 1.8 -1.8) (end -1.8 -1.8) (layer F.CrtYd) (width 0.05))
    (pad 4 thru_hole oval (at 0 7.62) (size 1.7 1.7) (drill 1) (layers *.Cu *.Mask)
      (net 12 /D7))
    (pad 3 thru_hole oval (at 0 5.08) (size 1.7 1.7) (drill 1) (layers *.Cu *.Mask)
      (net 13 /B1))
    (pad 2 thru_hole oval (at 0 2.54) (size 1.7 1.7) (drill 1) (layers *.Cu *.Mask)
      (net 1 VCC))
    (pad 1 thru_hole circle (at 0 0) (size 1.7 1.7) (drill 1) (layers *.Cu *.Mask)
      (net 2 GND))
  )

  (module Pin_Headers:Pin_Header_Straight_1x06_Pitch2.54mm (layer F.Cu) (tedit 592DBE62) (tstamp 5F772805)
    (at 196.378 123.7385 90)
    (descr "Through hole straight pin header, 1x06, 2.54mm pitch, single row")
    (tags "Through hole pin header THT 1x06 2.54mm single row")
    (path /59132195)
    (fp_text reference P2 (at 0 -2.33 270) (layer F.SilkS) hide
      (effects (font (size 1 1) (thickness 0.15)))
    )
    (fp_text value Contacts (at 0 15.03 270) (layer F.Fab) hide
      (effects (font (size 1 1) (thickness 0.15)))
    )
    (fp_line (start -1.27 -1.27) (end -1.27 13.97) (layer F.Fab) (width 0.1))
    (fp_line (start -1.27 13.97) (end 1.27 13.97) (layer F.Fab) (width 0.1))
    (fp_line (start 1.27 13.97) (end 1.27 -1.27) (layer F.Fab) (width 0.1))
    (fp_line (start 1.27 -1.27) (end -1.27 -1.27) (layer F.Fab) (width 0.1))
    (fp_line (start -1.8 -1.8) (end -1.8 14.5) (layer F.CrtYd) (width 0.05))
    (fp_line (start -1.8 14.5) (end 1.8 14.5) (layer F.CrtYd) (width 0.05))
    (fp_line (start 1.8 14.5) (end 1.8 -1.8) (layer F.CrtYd) (width 0.05))
    (fp_line (start 1.8 -1.8) (end -1.8 -1.8) (layer F.CrtYd) (width 0.05))
    (fp_text user %R (at 0 -2.33 270) (layer F.Fab) hide
      (effects (font (size 1 1) (thickness 0.15)))
    )
    (pad 6 thru_hole oval (at 0 12.7 90) (size 1.7 1.7) (drill 1) (layers *.Cu *.Mask)
      (net 10 /D6))
    (pad 5 thru_hole oval (at 0 10.16 90) (size 1.7 1.7) (drill 1) (layers *.Cu *.Mask)
      (net 6 /D3))
    (pad 4 thru_hole oval (at 0 7.62 90) (size 1.7 1.7) (drill 1) (layers *.Cu *.Mask)
      (net 9 /A5))
    (pad 3 thru_hole oval (at 0 5.08 90) (size 1.7 1.7) (drill 1) (layers *.Cu *.Mask)
      (net 8 /A4))
    (pad 2 thru_hole oval (at 0 2.54 90) (size 1.7 1.7) (drill 1) (layers *.Cu *.Mask)
      (net 7 /A3))
    (pad 1 thru_hole circle (at 0 0 90) (size 1.7 1.7) (drill 1) (layers *.Cu *.Mask)
      (net 5 /A2))
  )

  (module Pin_Headers:Pin_Header_Straight_1x04_Pitch2.54mm (layer F.Cu) (tedit 592F19C2) (tstamp 5F7727A1)
    (at 196.3585 113.6015)
    (descr "Through hole straight pin header, 1x04, 2.54mm pitch, single row")
    (tags "Through hole pin header THT 1x04 2.54mm single row")
    (path /591069AF)
    (fp_text reference P1 (at 0 -2.33) (layer F.SilkS) hide
      (effects (font (size 1 1) (thickness 0.15)))
    )
    (fp_text value Contacts (at 0 9.95) (layer F.Fab) hide
      (effects (font (size 1 1) (thickness 0.15)))
    )
    (fp_line (start -1.27 -1.27) (end -1.27 8.89) (layer F.Fab) (width 0.1))
    (fp_line (start -1.27 8.89) (end 1.27 8.89) (layer F.Fab) (width 0.1))
    (fp_line (start 1.27 8.89) (end 1.27 -1.27) (layer F.Fab) (width 0.1))
    (fp_line (start 1.27 -1.27) (end -1.27 -1.27) (layer F.Fab) (width 0.1))
    (fp_line (start -1.8 -1.8) (end -1.8 9.4) (layer F.CrtYd) (width 0.05))
    (fp_line (start -1.8 9.4) (end 1.8 9.4) (layer F.CrtYd) (width 0.05))
    (fp_line (start 1.8 9.4) (end 1.8 -1.8) (layer F.CrtYd) (width 0.05))
    (fp_line (start 1.8 -1.8) (end -1.8 -1.8) (layer F.CrtYd) (width 0.05))
    (fp_text user %R (at 0 -2.33) (layer F.Fab) hide
      (effects (font (size 1 1) (thickness 0.15)))
    )
    (pad 4 thru_hole oval (at 0 7.62) (size 1.7 1.7) (drill 1) (layers *.Cu *.Mask)
      (net 4 /A1))
    (pad 3 thru_hole oval (at 0 5.08) (size 1.7 1.7) (drill 1) (layers *.Cu *.Mask)
      (net 3 /A0))
    (pad 2 thru_hole oval (at 0 2.54) (size 1.7 1.7) (drill 1) (layers *.Cu *.Mask)
      (net 2 GND))
    (pad 1 thru_hole circle (at 0 0) (size 1.7 1.7) (drill 1) (layers *.Cu *.Mask)
      (net 11 /Vin) (zone_connect 2))
  )

  (module Resistor_SMD:R_0805_2012Metric_Pad1.15x1.40mm_HandSolder (layer F.Cu) (tedit 5B36C52B) (tstamp 5F772399)
    (at 212.8 99.425 90)
    (descr "Resistor SMD 0805 (2012 Metric), square (rectangular) end terminal, IPC_7351 nominal with elongated pad for handsoldering. (Body size source: https://docs.google.com/spreadsheets/d/1BsfQQcO9C6DZCsRaXUlFlo91Tg2WpOkGARC1WS5S8t0/edit?usp=sharing), generated with kicad-footprint-generator")
    (tags "resistor handsolder")
    (path /592DBE8E)
    (attr smd)
    (fp_text reference R4 (at -2.575 0.1 180) (layer F.SilkS)
      (effects (font (size 1 1) (thickness 0.15)))
    )
    (fp_text value 1M (at 0 1.65 90) (layer F.Fab)
      (effects (font (size 1 1) (thickness 0.15)))
    )
    (fp_line (start -1 0.6) (end -1 -0.6) (layer F.Fab) (width 0.1))
    (fp_line (start -1 -0.6) (end 1 -0.6) (layer F.Fab) (width 0.1))
    (fp_line (start 1 -0.6) (end 1 0.6) (layer F.Fab) (width 0.1))
    (fp_line (start 1 0.6) (end -1 0.6) (layer F.Fab) (width 0.1))
    (fp_line (start -0.261252 -0.71) (end 0.261252 -0.71) (layer F.SilkS) (width 0.12))
    (fp_line (start -0.261252 0.71) (end 0.261252 0.71) (layer F.SilkS) (width 0.12))
    (fp_line (start -1.85 0.95) (end -1.85 -0.95) (layer F.CrtYd) (width 0.05))
    (fp_line (start -1.85 -0.95) (end 1.85 -0.95) (layer F.CrtYd) (width 0.05))
    (fp_line (start 1.85 -0.95) (end 1.85 0.95) (layer F.CrtYd) (width 0.05))
    (fp_line (start 1.85 0.95) (end -1.85 0.95) (layer F.CrtYd) (width 0.05))
    (fp_text user %R (at 0 0 90) (layer F.Fab)
      (effects (font (size 0.5 0.5) (thickness 0.08)))
    )
    (pad 2 smd roundrect (at 1.025 0 90) (size 1.15 1.4) (layers F.Cu F.Paste F.Mask) (roundrect_rratio 0.2173904347826087)
      (net 1 VCC))
    (pad 1 smd roundrect (at -1.025 0 90) (size 1.15 1.4) (layers F.Cu F.Paste F.Mask) (roundrect_rratio 0.2173904347826087)
      (net 19 /SENS))
    (model ${KISYS3DMOD}/Resistor_SMD.3dshapes/R_0805_2012Metric.wrl
      (at (xyz 0 0 0))
      (scale (xyz 1 1 1))
      (rotate (xyz 0 0 0))
    )
  )

  (module Resistor_SMD:R_0805_2012Metric_Pad1.15x1.40mm_HandSolder (layer F.Cu) (tedit 5B36C52B) (tstamp 5F772389)
    (at 197.2 99.4 90)
    (descr "Resistor SMD 0805 (2012 Metric), square (rectangular) end terminal, IPC_7351 nominal with elongated pad for handsoldering. (Body size source: https://docs.google.com/spreadsheets/d/1BsfQQcO9C6DZCsRaXUlFlo91Tg2WpOkGARC1WS5S8t0/edit?usp=sharing), generated with kicad-footprint-generator")
    (tags "resistor handsolder")
    (path /5910585E)
    (attr smd)
    (fp_text reference R3 (at -2.6 0 180) (layer F.SilkS)
      (effects (font (size 1 1) (thickness 0.15)))
    )
    (fp_text value 1k5 (at 0 1.65 90) (layer F.Fab)
      (effects (font (size 1 1) (thickness 0.15)))
    )
    (fp_line (start 1.85 0.95) (end -1.85 0.95) (layer F.CrtYd) (width 0.05))
    (fp_line (start 1.85 -0.95) (end 1.85 0.95) (layer F.CrtYd) (width 0.05))
    (fp_line (start -1.85 -0.95) (end 1.85 -0.95) (layer F.CrtYd) (width 0.05))
    (fp_line (start -1.85 0.95) (end -1.85 -0.95) (layer F.CrtYd) (width 0.05))
    (fp_line (start -0.261252 0.71) (end 0.261252 0.71) (layer F.SilkS) (width 0.12))
    (fp_line (start -0.261252 -0.71) (end 0.261252 -0.71) (layer F.SilkS) (width 0.12))
    (fp_line (start 1 0.6) (end -1 0.6) (layer F.Fab) (width 0.1))
    (fp_line (start 1 -0.6) (end 1 0.6) (layer F.Fab) (width 0.1))
    (fp_line (start -1 -0.6) (end 1 -0.6) (layer F.Fab) (width 0.1))
    (fp_line (start -1 0.6) (end -1 -0.6) (layer F.Fab) (width 0.1))
    (fp_text user %R (at 0 0 90) (layer F.Fab)
      (effects (font (size 0.5 0.5) (thickness 0.08)))
    )
    (pad 1 smd roundrect (at -1.025 0 90) (size 1.15 1.4) (layers F.Cu F.Paste F.Mask) (roundrect_rratio 0.2173904347826087)
      (net 3 /A0))
    (pad 2 smd roundrect (at 1.025 0 90) (size 1.15 1.4) (layers F.Cu F.Paste F.Mask) (roundrect_rratio 0.2173904347826087)
      (net 17 "Net-(D1-Pad3)"))
    (model ${KISYS3DMOD}/Resistor_SMD.3dshapes/R_0805_2012Metric.wrl
      (at (xyz 0 0 0))
      (scale (xyz 1 1 1))
      (rotate (xyz 0 0 0))
    )
  )

  (module Resistor_SMD:R_0805_2012Metric_Pad1.15x1.40mm_HandSolder (layer F.Cu) (tedit 5B36C52B) (tstamp 5F772379)
    (at 210.3 99.425 270)
    (descr "Resistor SMD 0805 (2012 Metric), square (rectangular) end terminal, IPC_7351 nominal with elongated pad for handsoldering. (Body size source: https://docs.google.com/spreadsheets/d/1BsfQQcO9C6DZCsRaXUlFlo91Tg2WpOkGARC1WS5S8t0/edit?usp=sharing), generated with kicad-footprint-generator")
    (tags "resistor handsolder")
    (path /592DBF19)
    (attr smd)
    (fp_text reference R5 (at 2.575 0 180) (layer F.SilkS)
      (effects (font (size 1 1) (thickness 0.15)))
    )
    (fp_text value 56k (at 0 1.65 90) (layer F.Fab)
      (effects (font (size 1 1) (thickness 0.15)))
    )
    (fp_line (start 1.85 0.95) (end -1.85 0.95) (layer F.CrtYd) (width 0.05))
    (fp_line (start 1.85 -0.95) (end 1.85 0.95) (layer F.CrtYd) (width 0.05))
    (fp_line (start -1.85 -0.95) (end 1.85 -0.95) (layer F.CrtYd) (width 0.05))
    (fp_line (start -1.85 0.95) (end -1.85 -0.95) (layer F.CrtYd) (width 0.05))
    (fp_line (start -0.261252 0.71) (end 0.261252 0.71) (layer F.SilkS) (width 0.12))
    (fp_line (start -0.261252 -0.71) (end 0.261252 -0.71) (layer F.SilkS) (width 0.12))
    (fp_line (start 1 0.6) (end -1 0.6) (layer F.Fab) (width 0.1))
    (fp_line (start 1 -0.6) (end 1 0.6) (layer F.Fab) (width 0.1))
    (fp_line (start -1 -0.6) (end 1 -0.6) (layer F.Fab) (width 0.1))
    (fp_line (start -1 0.6) (end -1 -0.6) (layer F.Fab) (width 0.1))
    (fp_text user %R (at 0 0 90) (layer F.Fab)
      (effects (font (size 0.5 0.5) (thickness 0.08)))
    )
    (pad 1 smd roundrect (at -1.025 0 270) (size 1.15 1.4) (layers F.Cu F.Paste F.Mask) (roundrect_rratio 0.2173904347826087)
      (net 2 GND))
    (pad 2 smd roundrect (at 1.025 0 270) (size 1.15 1.4) (layers F.Cu F.Paste F.Mask) (roundrect_rratio 0.2173904347826087)
      (net 19 /SENS))
    (model ${KISYS3DMOD}/Resistor_SMD.3dshapes/R_0805_2012Metric.wrl
      (at (xyz 0 0 0))
      (scale (xyz 1 1 1))
      (rotate (xyz 0 0 0))
    )
  )

  (module Resistor_SMD:R_0805_2012Metric_Pad1.15x1.40mm_HandSolder (layer F.Cu) (tedit 5B36C52B) (tstamp 5F772369)
    (at 199.6 99.375 90)
    (descr "Resistor SMD 0805 (2012 Metric), square (rectangular) end terminal, IPC_7351 nominal with elongated pad for handsoldering. (Body size source: https://docs.google.com/spreadsheets/d/1BsfQQcO9C6DZCsRaXUlFlo91Tg2WpOkGARC1WS5S8t0/edit?usp=sharing), generated with kicad-footprint-generator")
    (tags "resistor handsolder")
    (path /5910582F)
    (attr smd)
    (fp_text reference R2 (at -2.6 -0.1 180) (layer F.SilkS)
      (effects (font (size 1 1) (thickness 0.15)))
    )
    (fp_text value 1k5 (at 0 1.65 90) (layer F.Fab)
      (effects (font (size 1 1) (thickness 0.15)))
    )
    (fp_line (start -1 0.6) (end -1 -0.6) (layer F.Fab) (width 0.1))
    (fp_line (start -1 -0.6) (end 1 -0.6) (layer F.Fab) (width 0.1))
    (fp_line (start 1 -0.6) (end 1 0.6) (layer F.Fab) (width 0.1))
    (fp_line (start 1 0.6) (end -1 0.6) (layer F.Fab) (width 0.1))
    (fp_line (start -0.261252 -0.71) (end 0.261252 -0.71) (layer F.SilkS) (width 0.12))
    (fp_line (start -0.261252 0.71) (end 0.261252 0.71) (layer F.SilkS) (width 0.12))
    (fp_line (start -1.85 0.95) (end -1.85 -0.95) (layer F.CrtYd) (width 0.05))
    (fp_line (start -1.85 -0.95) (end 1.85 -0.95) (layer F.CrtYd) (width 0.05))
    (fp_line (start 1.85 -0.95) (end 1.85 0.95) (layer F.CrtYd) (width 0.05))
    (fp_line (start 1.85 0.95) (end -1.85 0.95) (layer F.CrtYd) (width 0.05))
    (fp_text user %R (at 0 0 90) (layer F.Fab)
      (effects (font (size 0.5 0.5) (thickness 0.08)))
    )
    (pad 2 smd roundrect (at 1.025 0 90) (size 1.15 1.4) (layers F.Cu F.Paste F.Mask) (roundrect_rratio 0.2173904347826087)
      (net 16 "Net-(D1-Pad1)"))
    (pad 1 smd roundrect (at -1.025 0 90) (size 1.15 1.4) (layers F.Cu F.Paste F.Mask) (roundrect_rratio 0.2173904347826087)
      (net 4 /A1))
    (model ${KISYS3DMOD}/Resistor_SMD.3dshapes/R_0805_2012Metric.wrl
      (at (xyz 0 0 0))
      (scale (xyz 1 1 1))
      (rotate (xyz 0 0 0))
    )
  )

  (module Jumper:SolderJumper-2_P1.3mm_Open_Pad1.0x1.5mm (layer B.Cu) (tedit 5A3EABFC) (tstamp 5F7C6E53)
    (at 200 115.5)
    (descr "SMD Solder Jumper, 1x1.5mm Pads, 0.3mm gap, open")
    (tags "solder jumper open")
    (path /5F8636FC)
    (attr virtual)
    (fp_text reference JP1 (at 0 1.8) (layer B.SilkS)
      (effects (font (size 1 1) (thickness 0.15)) (justify mirror))
    )
    (fp_text value Jumper_2_Bridged (at 0 -1.9) (layer B.Fab) hide
      (effects (font (size 1 1) (thickness 0.15)) (justify mirror))
    )
    (fp_line (start 1.65 -1.25) (end -1.65 -1.25) (layer B.CrtYd) (width 0.05))
    (fp_line (start 1.65 -1.25) (end 1.65 1.25) (layer B.CrtYd) (width 0.05))
    (fp_line (start -1.65 1.25) (end -1.65 -1.25) (layer B.CrtYd) (width 0.05))
    (fp_line (start -1.65 1.25) (end 1.65 1.25) (layer B.CrtYd) (width 0.05))
    (fp_line (start -1.4 1) (end 1.4 1) (layer B.SilkS) (width 0.12))
    (fp_line (start 1.4 1) (end 1.4 -1) (layer B.SilkS) (width 0.12))
    (fp_line (start 1.4 -1) (end -1.4 -1) (layer B.SilkS) (width 0.12))
    (fp_line (start -1.4 -1) (end -1.4 1) (layer B.SilkS) (width 0.12))
    (pad 2 smd rect (at 0.65 0) (size 1 1.5) (layers B.Cu B.Mask)
      (net 1 VCC))
    (pad 1 smd rect (at -0.65 0) (size 1 1.5) (layers B.Cu B.Mask)
      (net 11 /Vin))
  )

  (module Resistor_SMD:R_0805_2012Metric_Pad1.15x1.40mm_HandSolder (layer F.Cu) (tedit 5B36C52B) (tstamp 6058AB0C)
    (at 202.525 118.1 180)
    (descr "Resistor SMD 0805 (2012 Metric), square (rectangular) end terminal, IPC_7351 nominal with elongated pad for handsoldering. (Body size source: https://docs.google.com/spreadsheets/d/1BsfQQcO9C6DZCsRaXUlFlo91Tg2WpOkGARC1WS5S8t0/edit?usp=sharing), generated with kicad-footprint-generator")
    (tags "resistor handsolder")
    (path /5F887205)
    (attr smd)
    (fp_text reference R6 (at 2.5 0 270) (layer F.SilkS)
      (effects (font (size 1 1) (thickness 0.15)))
    )
    (fp_text value 4k7 (at 0 1.65) (layer F.Fab)
      (effects (font (size 1 1) (thickness 0.15)))
    )
    (fp_line (start 1.85 0.95) (end -1.85 0.95) (layer F.CrtYd) (width 0.05))
    (fp_line (start 1.85 -0.95) (end 1.85 0.95) (layer F.CrtYd) (width 0.05))
    (fp_line (start -1.85 -0.95) (end 1.85 -0.95) (layer F.CrtYd) (width 0.05))
    (fp_line (start -1.85 0.95) (end -1.85 -0.95) (layer F.CrtYd) (width 0.05))
    (fp_line (start -0.261252 0.71) (end 0.261252 0.71) (layer F.SilkS) (width 0.12))
    (fp_line (start -0.261252 -0.71) (end 0.261252 -0.71) (layer F.SilkS) (width 0.12))
    (fp_line (start 1 0.6) (end -1 0.6) (layer F.Fab) (width 0.1))
    (fp_line (start 1 -0.6) (end 1 0.6) (layer F.Fab) (width 0.1))
    (fp_line (start -1 -0.6) (end 1 -0.6) (layer F.Fab) (width 0.1))
    (fp_line (start -1 0.6) (end -1 -0.6) (layer F.Fab) (width 0.1))
    (fp_text user %R (at 0 0) (layer F.Fab)
      (effects (font (size 0.5 0.5) (thickness 0.08)))
    )
    (pad 2 smd roundrect (at 1.025 0 180) (size 1.15 1.4) (layers F.Cu F.Paste F.Mask) (roundrect_rratio 0.2173904347826087)
      (net 9 /A5))
    (pad 1 smd roundrect (at -1.025 0 180) (size 1.15 1.4) (layers F.Cu F.Paste F.Mask) (roundrect_rratio 0.2173904347826087)
      (net 1 VCC))
    (model ${KISYS3DMOD}/Resistor_SMD.3dshapes/R_0805_2012Metric.wrl
      (at (xyz 0 0 0))
      (scale (xyz 1 1 1))
      (rotate (xyz 0 0 0))
    )
  )

  (module Resistor_SMD:R_0805_2012Metric_Pad1.15x1.40mm_HandSolder (layer F.Cu) (tedit 5B36C52B) (tstamp 5F7CA3A6)
    (at 202.525 120.6 180)
    (descr "Resistor SMD 0805 (2012 Metric), square (rectangular) end terminal, IPC_7351 nominal with elongated pad for handsoldering. (Body size source: https://docs.google.com/spreadsheets/d/1BsfQQcO9C6DZCsRaXUlFlo91Tg2WpOkGARC1WS5S8t0/edit?usp=sharing), generated with kicad-footprint-generator")
    (tags "resistor handsolder")
    (path /5F888376)
    (attr smd)
    (fp_text reference R7 (at 2.525 0.1 270) (layer F.SilkS)
      (effects (font (size 1 1) (thickness 0.15)))
    )
    (fp_text value 4k7 (at 0 1.65) (layer F.Fab)
      (effects (font (size 1 1) (thickness 0.15)))
    )
    (fp_line (start -1 0.6) (end -1 -0.6) (layer F.Fab) (width 0.1))
    (fp_line (start -1 -0.6) (end 1 -0.6) (layer F.Fab) (width 0.1))
    (fp_line (start 1 -0.6) (end 1 0.6) (layer F.Fab) (width 0.1))
    (fp_line (start 1 0.6) (end -1 0.6) (layer F.Fab) (width 0.1))
    (fp_line (start -0.261252 -0.71) (end 0.261252 -0.71) (layer F.SilkS) (width 0.12))
    (fp_line (start -0.261252 0.71) (end 0.261252 0.71) (layer F.SilkS) (width 0.12))
    (fp_line (start -1.85 0.95) (end -1.85 -0.95) (layer F.CrtYd) (width 0.05))
    (fp_line (start -1.85 -0.95) (end 1.85 -0.95) (layer F.CrtYd) (width 0.05))
    (fp_line (start 1.85 -0.95) (end 1.85 0.95) (layer F.CrtYd) (width 0.05))
    (fp_line (start 1.85 0.95) (end -1.85 0.95) (layer F.CrtYd) (width 0.05))
    (fp_text user %R (at 0 0) (layer F.Fab)
      (effects (font (size 0.5 0.5) (thickness 0.08)))
    )
    (pad 1 smd roundrect (at -1.025 0 180) (size 1.15 1.4) (layers F.Cu F.Paste F.Mask) (roundrect_rratio 0.2173904347826087)
      (net 1 VCC))
    (pad 2 smd roundrect (at 1.025 0 180) (size 1.15 1.4) (layers F.Cu F.Paste F.Mask) (roundrect_rratio 0.2173904347826087)
      (net 8 /A4))
    (model ${KISYS3DMOD}/Resistor_SMD.3dshapes/R_0805_2012Metric.wrl
      (at (xyz 0 0 0))
      (scale (xyz 1 1 1))
      (rotate (xyz 0 0 0))
    )
  )

  (module Resistor_SMD:R_0805_2012Metric_Pad1.15x1.40mm_HandSolder (layer F.Cu) (tedit 5B36C52B) (tstamp 5F7D861D)
    (at 198.3 108.175 270)
    (descr "Resistor SMD 0805 (2012 Metric), square (rectangular) end terminal, IPC_7351 nominal with elongated pad for handsoldering. (Body size source: https://docs.google.com/spreadsheets/d/1BsfQQcO9C6DZCsRaXUlFlo91Tg2WpOkGARC1WS5S8t0/edit?usp=sharing), generated with kicad-footprint-generator")
    (tags "resistor handsolder")
    (path /5F8C6AAA)
    (attr smd)
    (fp_text reference R8 (at 0 -1.65 90) (layer F.SilkS)
      (effects (font (size 1 1) (thickness 0.15)))
    )
    (fp_text value 1M (at 0 1.65 90) (layer F.Fab)
      (effects (font (size 1 1) (thickness 0.15)))
    )
    (fp_line (start -1 0.6) (end -1 -0.6) (layer F.Fab) (width 0.1))
    (fp_line (start -1 -0.6) (end 1 -0.6) (layer F.Fab) (width 0.1))
    (fp_line (start 1 -0.6) (end 1 0.6) (layer F.Fab) (width 0.1))
    (fp_line (start 1 0.6) (end -1 0.6) (layer F.Fab) (width 0.1))
    (fp_line (start -0.261252 -0.71) (end 0.261252 -0.71) (layer F.SilkS) (width 0.12))
    (fp_line (start -0.261252 0.71) (end 0.261252 0.71) (layer F.SilkS) (width 0.12))
    (fp_line (start -1.85 0.95) (end -1.85 -0.95) (layer F.CrtYd) (width 0.05))
    (fp_line (start -1.85 -0.95) (end 1.85 -0.95) (layer F.CrtYd) (width 0.05))
    (fp_line (start 1.85 -0.95) (end 1.85 0.95) (layer F.CrtYd) (width 0.05))
    (fp_line (start 1.85 0.95) (end -1.85 0.95) (layer F.CrtYd) (width 0.05))
    (fp_text user %R (at 0 0 90) (layer F.Fab)
      (effects (font (size 0.5 0.5) (thickness 0.08)))
    )
    (pad 1 smd roundrect (at -1.025 0 270) (size 1.15 1.4) (layers F.Cu F.Paste F.Mask) (roundrect_rratio 0.2173904347826087)
      (net 14 "Net-(A1-Pad2)"))
    (pad 2 smd roundrect (at 1.025 0 270) (size 1.15 1.4) (layers F.Cu F.Paste F.Mask) (roundrect_rratio 0.2173904347826087)
      (net 1 VCC))
    (model ${KISYS3DMOD}/Resistor_SMD.3dshapes/R_0805_2012Metric.wrl
      (at (xyz 0 0 0))
      (scale (xyz 1 1 1))
      (rotate (xyz 0 0 0))
    )
  )

  (module OPT3001DNPR:SON65P200X200X65-7N-D (layer F.Cu) (tedit 0) (tstamp 60548B2A)
    (at 205 111.4 180)
    (descr DNP0006A)
    (tags "Integrated Circuit")
    (path /6054E9F6)
    (attr smd)
    (fp_text reference IC1 (at 0 -2) (layer F.SilkS)
      (effects (font (size 1.27 1.27) (thickness 0.254)))
    )
    (fp_text value OPT3001DNPR (at 0 0) (layer F.SilkS) hide
      (effects (font (size 1.27 1.27) (thickness 0.254)))
    )
    (fp_line (start -1.625 -1.3) (end 1.625 -1.3) (layer F.CrtYd) (width 0.05))
    (fp_line (start 1.625 -1.3) (end 1.625 1.3) (layer F.CrtYd) (width 0.05))
    (fp_line (start 1.625 1.3) (end -1.625 1.3) (layer F.CrtYd) (width 0.05))
    (fp_line (start -1.625 1.3) (end -1.625 -1.3) (layer F.CrtYd) (width 0.05))
    (fp_line (start -1 -1) (end 1 -1) (layer F.Fab) (width 0.1))
    (fp_line (start 1 -1) (end 1 1) (layer F.Fab) (width 0.1))
    (fp_line (start 1 1) (end -1 1) (layer F.Fab) (width 0.1))
    (fp_line (start -1 1) (end -1 -1) (layer F.Fab) (width 0.1))
    (fp_line (start -1 -0.5) (end -0.5 -1) (layer F.Fab) (width 0.1))
    (fp_circle (center -1.375 -1.3) (end -1.375 -1.175) (layer F.SilkS) (width 0.25))
    (fp_text user %R (at 0 0) (layer F.Fab)
      (effects (font (size 1.27 1.27) (thickness 0.254)))
    )
    (pad 1 smd rect (at -1 -0.65 270) (size 0.3 0.75) (layers F.Cu F.Paste F.Mask)
      (net 1 VCC))
    (pad 2 smd rect (at -1 0 270) (size 0.3 0.75) (layers F.Cu F.Paste F.Mask)
      (net 2 GND))
    (pad 3 smd rect (at -1 0.65 270) (size 0.3 0.75) (layers F.Cu F.Paste F.Mask)
      (net 2 GND))
    (pad 4 smd rect (at 1 0.65 270) (size 0.3 0.75) (layers F.Cu F.Paste F.Mask)
      (net 9 /A5))
    (pad 5 smd rect (at 1 0 270) (size 0.3 0.75) (layers F.Cu F.Paste F.Mask)
      (net 15 "Net-(IC1-Pad5)"))
    (pad 6 smd rect (at 1 -0.65 270) (size 0.3 0.75) (layers F.Cu F.Paste F.Mask)
      (net 8 /A4))
    (pad 7 smd rect (at 0 0 180) (size 0.75 1.45) (layers F.Cu F.Paste F.Mask)
      (net 2 GND))
    (model OPT3001DNPR.stp
      (at (xyz 0 0 0))
      (scale (xyz 1 1 1))
      (rotate (xyz 0 0 0))
    )
  )

  (module LED_THT:LED_D3.0mm-3 (layer F.Cu) (tedit 587A3A7B) (tstamp 605492EB)
    (at 202.4 98.2)
    (descr "LED, diameter 3.0mm, 2 pins, diameter 3.0mm, 3 pins, http://www.kingbright.com/attachments/file/psearch/000/00/00/L-3VSURKCGKC(Ver.8A).pdf")
    (tags "LED diameter 3.0mm 2 pins diameter 3.0mm 3 pins")
    (path /605BC3E9)
    (fp_text reference D1 (at 2.6 -2.5) (layer F.SilkS)
      (effects (font (size 1 1) (thickness 0.15)))
    )
    (fp_text value LED_Dual_ACA (at 2.54 2.96) (layer F.Fab)
      (effects (font (size 1 1) (thickness 0.15)))
    )
    (fp_circle (center 2.54 0) (end 4.04 0) (layer F.Fab) (width 0.1))
    (fp_line (start 1.04 -1.16619) (end 1.04 1.16619) (layer F.Fab) (width 0.1))
    (fp_line (start 0.98 -1.236) (end 0.98 -1.08) (layer F.SilkS) (width 0.12))
    (fp_line (start 0.98 1.08) (end 0.98 1.236) (layer F.SilkS) (width 0.12))
    (fp_line (start -1.15 -2.25) (end -1.15 2.25) (layer F.CrtYd) (width 0.05))
    (fp_line (start -1.15 2.25) (end 6.25 2.25) (layer F.CrtYd) (width 0.05))
    (fp_line (start 6.25 2.25) (end 6.25 -2.25) (layer F.CrtYd) (width 0.05))
    (fp_line (start 6.25 -2.25) (end -1.15 -2.25) (layer F.CrtYd) (width 0.05))
    (fp_arc (start 2.54 0) (end 1.04 -1.16619) (angle 284.3) (layer F.Fab) (width 0.1))
    (fp_arc (start 2.54 0) (end 0.98 -1.235516) (angle 108.8) (layer F.SilkS) (width 0.12))
    (fp_arc (start 2.54 0) (end 0.98 1.235516) (angle -108.8) (layer F.SilkS) (width 0.12))
    (fp_arc (start 2.54 0) (end 1.499039 -1.08) (angle 87.9) (layer F.SilkS) (width 0.12))
    (fp_arc (start 2.54 0) (end 1.499039 1.08) (angle -87.9) (layer F.SilkS) (width 0.12))
    (pad 1 thru_hole rect (at 0 0) (size 1.8 1.8) (drill 0.9) (layers *.Cu *.Mask)
      (net 16 "Net-(D1-Pad1)"))
    (pad 2 thru_hole circle (at 2.54 0) (size 1.8 1.8) (drill 0.9) (layers *.Cu *.Mask)
      (net 2 GND))
    (pad 3 thru_hole circle (at 5.08 0) (size 1.8 1.8) (drill 0.9) (layers *.Cu *.Mask)
      (net 17 "Net-(D1-Pad3)"))
    (model ${KISYS3DMOD}/LED_THT.3dshapes/LED_D3.0mm-3.wrl
      (at (xyz 0 0 0))
      (scale (xyz 1 1 1))
      (rotate (xyz 0 0 0))
    )
  )

  (module Capacitor_SMD:C_0805_2012Metric_Pad1.15x1.40mm_HandSolder (layer F.Cu) (tedit 5B36C52B) (tstamp 6058B967)
    (at 209.775 118.1 180)
    (descr "Capacitor SMD 0805 (2012 Metric), square (rectangular) end terminal, IPC_7351 nominal with elongated pad for handsoldering. (Body size source: https://docs.google.com/spreadsheets/d/1BsfQQcO9C6DZCsRaXUlFlo91Tg2WpOkGARC1WS5S8t0/edit?usp=sharing), generated with kicad-footprint-generator")
    (tags "capacitor handsolder")
    (path /5910567F)
    (attr smd)
    (fp_text reference C1 (at 0 -1.65) (layer F.SilkS)
      (effects (font (size 1 1) (thickness 0.15)))
    )
    (fp_text value 100n (at 0 1.65) (layer F.Fab)
      (effects (font (size 1 1) (thickness 0.15)))
    )
    (fp_line (start 1.85 0.95) (end -1.85 0.95) (layer F.CrtYd) (width 0.05))
    (fp_line (start 1.85 -0.95) (end 1.85 0.95) (layer F.CrtYd) (width 0.05))
    (fp_line (start -1.85 -0.95) (end 1.85 -0.95) (layer F.CrtYd) (width 0.05))
    (fp_line (start -1.85 0.95) (end -1.85 -0.95) (layer F.CrtYd) (width 0.05))
    (fp_line (start -0.261252 0.71) (end 0.261252 0.71) (layer F.SilkS) (width 0.12))
    (fp_line (start -0.261252 -0.71) (end 0.261252 -0.71) (layer F.SilkS) (width 0.12))
    (fp_line (start 1 0.6) (end -1 0.6) (layer F.Fab) (width 0.1))
    (fp_line (start 1 -0.6) (end 1 0.6) (layer F.Fab) (width 0.1))
    (fp_line (start -1 -0.6) (end 1 -0.6) (layer F.Fab) (width 0.1))
    (fp_line (start -1 0.6) (end -1 -0.6) (layer F.Fab) (width 0.1))
    (fp_text user %R (at 0 0) (layer F.Fab)
      (effects (font (size 0.5 0.5) (thickness 0.08)))
    )
    (pad 1 smd roundrect (at -1.025 0 180) (size 1.15 1.4) (layers F.Cu F.Paste F.Mask) (roundrect_rratio 0.2173904347826087)
      (net 1 VCC))
    (pad 2 smd roundrect (at 1.025 0 180) (size 1.15 1.4) (layers F.Cu F.Paste F.Mask) (roundrect_rratio 0.2173904347826087)
      (net 2 GND))
    (model ${KISYS3DMOD}/Capacitor_SMD.3dshapes/C_0805_2012Metric.wrl
      (at (xyz 0 0 0))
      (scale (xyz 1 1 1))
      (rotate (xyz 0 0 0))
    )
  )

  (module AD5247:SOT65P210X110-6N (layer F.Cu) (tedit 0) (tstamp 6058A145)
    (at 211.8 105.9 90)
    (descr SOT65P210X110-6N)
    (tags "Integrated Circuit")
    (path /6058556F)
    (attr smd)
    (fp_text reference IC2 (at -0.1 2 90) (layer F.SilkS)
      (effects (font (size 1.27 1.27) (thickness 0.254)))
    )
    (fp_text value AD5247BKSZ10-RL7 (at -2.8702 -2.54 90) (layer F.SilkS) hide
      (effects (font (size 1.27 1.27) (thickness 0.254)))
    )
    (fp_line (start -0.6604 -1.1176) (end -0.6604 1.1176) (layer F.Fab) (width 0.1524))
    (fp_line (start 0.3048 -1.1176) (end -0.6604 -1.1176) (layer F.Fab) (width 0.1524))
    (fp_line (start 0.6604 -1.1176) (end 0.3048 -1.1176) (layer F.Fab) (width 0.1524))
    (fp_line (start 0.6604 1.1176) (end 0.6604 -1.1176) (layer F.Fab) (width 0.1524))
    (fp_line (start -0.6604 1.1176) (end 0.6604 1.1176) (layer F.Fab) (width 0.1524))
    (fp_line (start 1.1938 -0.8128) (end 0.6604 -0.8128) (layer F.Fab) (width 0.1524))
    (fp_line (start 1.1938 -0.508) (end 1.1938 -0.8128) (layer F.Fab) (width 0.1524))
    (fp_line (start 0.6604 -0.508) (end 1.1938 -0.508) (layer F.Fab) (width 0.1524))
    (fp_line (start 0.6604 -0.8128) (end 0.6604 -0.508) (layer F.Fab) (width 0.1524))
    (fp_line (start 1.1938 -0.1524) (end 0.6604 -0.1524) (layer F.Fab) (width 0.1524))
    (fp_line (start 1.1938 0.1524) (end 1.1938 -0.1524) (layer F.Fab) (width 0.1524))
    (fp_line (start 0.6604 0.1524) (end 1.1938 0.1524) (layer F.Fab) (width 0.1524))
    (fp_line (start 0.6604 -0.1524) (end 0.6604 0.1524) (layer F.Fab) (width 0.1524))
    (fp_line (start 1.1938 0.508) (end 0.6604 0.508) (layer F.Fab) (width 0.1524))
    (fp_line (start 1.1938 0.8128) (end 1.1938 0.508) (layer F.Fab) (width 0.1524))
    (fp_line (start 0.6604 0.8128) (end 1.1938 0.8128) (layer F.Fab) (width 0.1524))
    (fp_line (start 0.6604 0.508) (end 0.6604 0.8128) (layer F.Fab) (width 0.1524))
    (fp_line (start -1.1938 0.8128) (end -0.6604 0.8128) (layer F.Fab) (width 0.1524))
    (fp_line (start -1.1938 0.508) (end -1.1938 0.8128) (layer F.Fab) (width 0.1524))
    (fp_line (start -0.6604 0.508) (end -1.1938 0.508) (layer F.Fab) (width 0.1524))
    (fp_line (start -0.6604 0.8128) (end -0.6604 0.508) (layer F.Fab) (width 0.1524))
    (fp_line (start -1.1938 0.1524) (end -0.6604 0.1524) (layer F.Fab) (width 0.1524))
    (fp_line (start -1.1938 -0.1524) (end -1.1938 0.1524) (layer F.Fab) (width 0.1524))
    (fp_line (start -0.6604 -0.1524) (end -1.1938 -0.1524) (layer F.Fab) (width 0.1524))
    (fp_line (start -0.6604 0.1524) (end -0.6604 -0.1524) (layer F.Fab) (width 0.1524))
    (fp_line (start -1.1938 -0.508) (end -0.6604 -0.508) (layer F.Fab) (width 0.1524))
    (fp_line (start -1.1938 -0.8128) (end -1.1938 -0.508) (layer F.Fab) (width 0.1524))
    (fp_line (start -0.6604 -0.8128) (end -1.1938 -0.8128) (layer F.Fab) (width 0.1524))
    (fp_line (start -0.6604 -0.508) (end -0.6604 -0.8128) (layer F.Fab) (width 0.1524))
    (fp_text user %R (at -2.8702 -2.54 90) (layer F.Fab)
      (effects (font (size 1.27 1.27) (thickness 0.254)))
    )
    (pad 1 smd rect (at -0.8128 -0.6604 180) (size 0.3556 1.4732) (layers F.Cu F.Paste F.Mask)
      (net 1 VCC))
    (pad 2 smd rect (at -0.8128 0 180) (size 0.3556 1.4732) (layers F.Cu F.Paste F.Mask)
      (net 2 GND))
    (pad 3 smd rect (at -0.8128 0.6604 180) (size 0.3556 1.4732) (layers F.Cu F.Paste F.Mask)
      (net 9 /A5))
    (pad 4 smd rect (at 0.8128 0.6604 180) (size 0.3556 1.4732) (layers F.Cu F.Paste F.Mask)
      (net 8 /A4))
    (pad 5 smd rect (at 0.8128 0 180) (size 0.3556 1.4732) (layers F.Cu F.Paste F.Mask)
      (net 19 /SENS))
    (pad 6 smd rect (at 0.8128 -0.6604 180) (size 0.3556 1.4732) (layers F.Cu F.Paste F.Mask)
      (net 18 "Net-(IC2-Pad6)"))
  )

  (gr_text A1 (at 197.8 121.158 90) (layer F.SilkS) (tstamp 5F77245D)
    (effects (font (size 0.6 0.6) (thickness 0.1)))
  )
  (gr_text A2 (at 197.4 122.7 315) (layer F.SilkS) (tstamp 5F77245C)
    (effects (font (size 0.6 0.6) (thickness 0.1)))
  )
  (gr_text A3 (at 198.9 122.3) (layer F.SilkS) (tstamp 5F77245B)
    (effects (font (size 0.6 0.6) (thickness 0.1)))
  )
  (gr_text A4 (at 201.4 122.3) (layer F.SilkS) (tstamp 5F77245A)
    (effects (font (size 0.6 0.6) (thickness 0.1)))
  )
  (gr_text D3 (at 206.6 122.3) (layer F.SilkS) (tstamp 5F772459)
    (effects (font (size 0.6 0.6) (thickness 0.1)))
  )
  (gr_text D6 (at 209.1415 122.3) (layer F.SilkS) (tstamp 5F772458)
    (effects (font (size 0.6 0.6) (thickness 0.1)))
  )
  (gr_text GND (at 212.6 111.1 90) (layer F.SilkS) (tstamp 5F7728D3)
    (effects (font (size 0.6 0.6) (thickness 0.1)))
  )
  (gr_text Vin (at 197.8 113.665 90) (layer F.SilkS) (tstamp 5F772456)
    (effects (font (size 0.6 0.6) (thickness 0.1)))
  )
  (gr_text B1 (at 212.6 116.1415 90) (layer F.SilkS) (tstamp 5F7728D9)
    (effects (font (size 0.6 0.6) (thickness 0.1)))
  )
  (gr_text D7 (at 212.6 118.6 90) (layer F.SilkS) (tstamp 5F7728DC)
    (effects (font (size 0.6 0.6) (thickness 0.1)))
  )
  (gr_text A5 (at 204.0615 122.3) (layer F.SilkS) (tstamp 5F772453)
    (effects (font (size 0.6 0.6) (thickness 0.1)))
  )
  (gr_text GND (at 197.8 116.2 90) (layer F.SilkS) (tstamp 5F772452)
    (effects (font (size 0.6 0.6) (thickness 0.1)))
  )
  (gr_text A0 (at 197.8 118.6815 90) (layer F.SilkS) (tstamp 5F772451)
    (effects (font (size 0.6 0.6) (thickness 0.1)))
  )
  (gr_text VCC (at 212.6 113.6 90) (layer F.SilkS) (tstamp 5F7728D6)
    (effects (font (size 0.6 0.6) (thickness 0.1)))
  )
  (gr_line (start 215 95) (end 215 115) (layer F.SilkS) (width 0.15) (tstamp 5F772368))
  (gr_line (start 195 95) (end 215 95) (layer F.SilkS) (width 0.15) (tstamp 5F772367))
  (gr_line (start 215 115) (end 195 115) (layer F.SilkS) (width 0.15) (tstamp 5F772366))
  (gr_line (start 195 115) (end 195 95) (layer F.SilkS) (width 0.15) (tstamp 5F772365))
  (gr_line (start 195 94) (end 215 94) (angle 90) (layer Edge.Cuts) (width 0.15) (tstamp 5F772364))
  (gr_line (start 195 125) (end 195 94) (angle 90) (layer Edge.Cuts) (width 0.15) (tstamp 5F772363))
  (gr_line (start 215 94) (end 215 125) (angle 90) (layer Edge.Cuts) (width 0.15) (tstamp 5F772362))
  (gr_line (start 215 125) (end 195 125) (angle 90) (layer Edge.Cuts) (width 0.15) (tstamp 5F772361))

  (via (at 212.5 103.2) (size 0.6) (drill 0.4) (layers F.Cu B.Cu) (net 8))
  (via (at 212.5 108.5) (size 0.6) (drill 0.4) (layers F.Cu B.Cu) (net 9))
  (via (at 198.6 110.8) (size 0.6) (drill 0.4) (layers F.Cu B.Cu) (net 1))
  (via (at 200 112.8) (size 0.6) (drill 0.4) (layers F.Cu B.Cu) (net 9))
  (via (at 199.9 121.3) (size 0.6) (drill 0.4) (layers F.Cu B.Cu) (net 9))
  (via (at 199.9 118) (size 0.6) (drill 0.4) (layers F.Cu B.Cu) (net 9))
  (segment (start 214.0785 113.6015) (end 212.5 112.023) (width 0.25) (layer F.Cu) (net 1))
  (segment (start 213.977 113.5) (end 214.0785 113.6015) (width 0.25) (layer B.Cu) (net 1))
  (via (at 204.9 115.5) (size 0.6) (drill 0.4) (layers F.Cu B.Cu) (net 1))
  (segment (start 213.7 98.4) (end 212.9 98.4) (width 0.25) (layer F.Cu) (net 1))
  (segment (start 214.2 98.9) (end 213.7 98.4) (width 0.25) (layer F.Cu) (net 1))
  (segment (start 214.2 108.4) (end 212.5 110.1) (width 0.25) (layer F.Cu) (net 1))
  (segment (start 212.5 112.023) (end 212.5 110.1) (width 0.25) (layer F.Cu) (net 1))
  (segment (start 213.08 114.6) (end 214.0785 113.6015) (width 0.25) (layer B.Cu) (net 1))
  (segment (start 214.2 106.4) (end 214.2 108.4) (width 0.25) (layer F.Cu) (net 1))
  (segment (start 214.2 105.6) (end 214.2 106.4) (width 0.25) (layer F.Cu) (net 1))
  (segment (start 214.2 98.9) (end 214.2 105.6) (width 0.25) (layer F.Cu) (net 1))
  (segment (start 212.18 115.5) (end 214.0785 113.6015) (width 0.25) (layer B.Cu) (net 1))
  (segment (start 200.65 115.5) (end 212.18 115.5) (width 0.25) (layer B.Cu) (net 1))
  (segment (start 203.55 120.6) (end 204.6 120.6) (width 0.25) (layer F.Cu) (net 1))
  (segment (start 203.55 118.1) (end 204.6 118.1) (width 0.25) (layer F.Cu) (net 1))
  (segment (start 204.6 120.6) (end 204.9 120.3) (width 0.25) (layer F.Cu) (net 1))
  (segment (start 204.9 120.3) (end 204.9 118.4) (width 0.25) (layer F.Cu) (net 1))
  (segment (start 204.9 117.8) (end 204.6 118.1) (width 0.25) (layer F.Cu) (net 1))
  (segment (start 204.9 117.7) (end 204.9 117.8) (width 0.25) (layer F.Cu) (net 1))
